00110000100000000000000000000001
00110000100000000000001000000010
00110000100000000000010000000011
01110100000000111000000010000100
01111001100000001000000010000101
01110101000000100000000010000110
11000000111000001000000010000011
00011000001000001000000010001000
00010110000000110000000010001001
00010101000000110000000010001010
00010100000000110000000010001011
00001000001000001000000010001100
00000110000000110000000010001101
00000101000000110000000010001110
00000100000000110000000010001111
00001001001000001000000010010000
